{"integrationMethod":2,"delta":0.019999999552965165,"tolerance":0.0010000000474974514,"optimizationIterations":100,"objects":[{"vertPos":[{"x":-3.5,"y":0.0,"z":-3.5},{"x":-2.3333334922790529,"y":0.0,"z":-3.5},{"x":-1.1666667461395264,"y":0.0,"z":-3.5},{"x":0.0,"y":0.0,"z":-3.5},{"x":1.1666667461395264,"y":0.0,"z":-3.5},{"x":2.3333334922790529,"y":0.0,"z":-3.5},{"x":3.5,"y":0.0,"z":-3.5},{"x":-3.5,"y":0.0,"z":-2.3333334922790529},{"x":-2.3333334922790529,"y":0.0,"z":-2.3333334922790529},{"x":-1.1666667461395264,"y":0.0,"z":-2.3333334922790529},{"x":0.0,"y":0.0,"z":-2.3333334922790529},{"x":1.1666667461395264,"y":0.0,"z":-2.3333334922790529},{"x":2.3333334922790529,"y":0.0,"z":-2.3333334922790529},{"x":3.5,"y":0.0,"z":-2.3333334922790529},{"x":-3.5,"y":0.0,"z":-1.1666667461395264},{"x":-2.3333334922790529,"y":0.0,"z":-1.1666667461395264},{"x":-1.1666667461395264,"y":0.0,"z":-1.1666667461395264},{"x":0.0,"y":0.0,"z":-1.1666667461395264},{"x":1.1666667461395264,"y":0.0,"z":-1.1666667461395264},{"x":2.3333334922790529,"y":0.0,"z":-1.1666667461395264},{"x":3.5,"y":0.0,"z":-1.1666667461395264},{"x":-3.5,"y":0.0,"z":0.0},{"x":-2.3333334922790529,"y":0.0,"z":0.0},{"x":-1.1666667461395264,"y":0.0,"z":0.0},{"x":0.0,"y":0.0,"z":0.0},{"x":1.1666667461395264,"y":0.0,"z":0.0},{"x":2.3333334922790529,"y":0.0,"z":0.0},{"x":3.5,"y":0.0,"z":0.0},{"x":-3.5,"y":0.0,"z":1.1666667461395264},{"x":-2.3333334922790529,"y":0.0,"z":1.1666667461395264},{"x":-1.1666667461395264,"y":0.0,"z":1.1666667461395264},{"x":0.0,"y":0.0,"z":1.1666667461395264},{"x":1.1666667461395264,"y":0.0,"z":1.1666667461395264},{"x":2.3333334922790529,"y":0.0,"z":1.1666667461395264},{"x":3.5,"y":0.0,"z":1.1666667461395264},{"x":-3.5,"y":0.0,"z":2.3333334922790529},{"x":-2.3333334922790529,"y":0.0,"z":2.3333334922790529},{"x":-1.1666667461395264,"y":0.0,"z":2.3333334922790529},{"x":0.0,"y":0.0,"z":2.3333334922790529},{"x":1.1666667461395264,"y":0.0,"z":2.3333334922790529},{"x":2.3333334922790529,"y":0.0,"z":2.3333334922790529},{"x":3.5,"y":0.0,"z":2.3333334922790529},{"x":-3.5,"y":0.0,"z":3.5},{"x":-2.3333334922790529,"y":0.0,"z":3.5},{"x":-1.1666667461395264,"y":0.0,"z":3.5},{"x":0.0,"y":0.0,"z":3.5},{"x":1.1666667461395264,"y":0.0,"z":3.5},{"x":2.3333334922790529,"y":0.0,"z":3.5},{"x":3.5,"y":0.0,"z":3.5}],"vertIsFixed":[true,false,false,false,false,false,true,false,false,false,false,false,false,false,false,false,false,false,false,false,false,false,false,false,false,false,false,false,false,false,false,false,false,false,false,false,false,false,false,false,false,false,true,false,false,false,false,false,true],"vertMass":[0.45370355248451235,0.6805554628372192,0.680555522441864,0.680555522441864,0.680555522441864,0.6805554032325745,0.22685177624225617,0.6805554628372192,1.3611109256744385,1.3611111640930176,1.3611111640930176,1.3611111640930176,1.361111044883728,0.6805554032325745,0.680555522441864,1.3611111640930176,1.3611114025115967,1.3611114025115967,1.3611114025115967,1.3611111640930176,0.680555522441864,0.680555522441864,1.3611111640930176,1.3611114025115967,1.3611114025115967,1.3611114025115967,1.3611111640930176,0.680555522441864,0.680555522441864,1.3611111640930176,1.3611114025115967,1.3611114025115967,1.3611114025115967,1.3611111640930176,0.680555522441864,0.6805554032325745,1.361111044883728,1.3611111640930176,1.3611111640930176,1.3611111640930176,1.361111044883728,0.6805554628372192,0.22685177624225617,0.6805554032325745,0.680555522441864,0.680555522441864,0.680555522441864,0.6805554628372192,0.45370355248451235],"springs":[0,7,0,8,7,8,1,7,0,1,1,8,7,14,7,15,14,15,8,14,0,15,8,15,14,21,14,22,21,22,15,21,7,22,15,22,21,28,21,29,28,29,22,28,14,29,22,29,28,35,28,36,35,36,29,35,21,36,29,36,35,42,35,43,42,43,36,42,28,43,36,43,0,9,1,9,8,9,2,8,1,2,2,9,7,16,8,16,15,16,9,15,1,16,9,16,14,23,15,23,22,23,16,22,8,23,16,23,21,30,22,30,29,30,23,29,15,30,23,30,28,37,29,37,36,37,30,36,22,37,30,37,35,44,36,44,43,44,37,43,29,44,37,44,1,10,2,10,9,10,3,9,2,3,3,10,8,17,9,17,16,17,10,16,2,17,10,17,15,24,16,24,23,24,17,23,9,24,17,24,22,31,23,31,30,31,24,30,16,31,24,31,29,38,30,38,37,38,31,37,23,38,31,38,36,45,37,45,44,45,38,44,30,45,38,45,2,11,3,11,10,11,4,10,3,4,4,11,9,18,10,18,17,18,11,17,3,18,11,18,16,25,17,25,24,25,18,24,10,25,18,25,23,32,24,32,31,32,25,31,17,32,25,32,30,39,31,39,38,39,32,38,24,39,32,39,37,46,38,46,45,46,39,45,31,46,39,46,3,12,4,12,11,12,5,11,4,5,5,12,10,19,11,19,18,19,12,18,4,19,12,19,17,26,18,26,25,26,19,25,11,26,19,26,24,33,25,33,32,33,26,32,18,33,26,33,31,40,32,40,39,40,33,39,25,40,33,40,38,47,39,47,46,47,40,46,32,47,40,47,4,13,5,13,12,13,6,12,5,6,6,13,11,20,12,20,19,20,13,19,5,20,13,20,18,27,19,27,26,27,20,26,12,27,20,27,25,34,26,34,33,34,27,33,19,34,27,34,32,41,33,41,40,41,34,40,26,41,34,41,39,48,40,48,47,48,41,47,33,48,41,48],"springStiffness":[249.99998474121095,250.0,500.00006103515627,62.5,249.99998474121095,500.00006103515627,249.9999542236328,249.99998474121095,500.0001220703125,62.499996185302737,25.000001907348634,499.99993896484377,249.9999542236328,249.99998474121095,500.0001220703125,62.499996185302737,24.999998092651368,499.99993896484377,249.9999542236328,249.99998474121095,500.0001220703125,62.499996185302737,24.999998092651368,499.99993896484377,249.9999542236328,249.99998474121095,500.00006103515627,62.499996185302737,24.999998092651368,499.99993896484377,249.99998474121095,250.0,249.99998474121095,62.5,24.999996185302736,500.00006103515627,25.000001907348634,249.99998474121095,499.99993896484377,62.499996185302737,249.9999542236328,500.0001220703125,25.000001907348634,250.0,500.0,62.5,25.000001907348634,500.0,25.000001907348634,250.0,500.0,62.5,25.000001907348634,500.0,25.000001907348634,250.0,500.0,62.5,25.000001907348634,500.0,25.000001907348634,250.0,499.99993896484377,62.5,25.000001907348634,500.0,25.000001907348634,249.99998474121095,249.9999542236328,62.499996185302737,24.999998092651368,500.0001220703125,24.999998092651368,249.99998474121095,499.99993896484377,62.499996185302737,249.9999542236328,500.0001220703125,25.000001907348634,250.0,500.0,62.5,25.000001907348634,500.0,25.000001907348634,250.0,500.0,62.5,25.000001907348634,500.0,25.000001907348634,250.0,500.0,62.5,25.000001907348634,500.0,25.000001907348634,250.0,499.99993896484377,62.5,25.000001907348634,500.0,24.999998092651368,249.99998474121095,249.9999542236328,62.499996185302737,24.999998092651368,500.0001220703125,24.999998092651368,249.99998474121095,499.99993896484377,62.499996185302737,249.9999542236328,500.0001220703125,25.000001907348634,250.0,500.0,62.5,25.000001907348634,500.0,25.000001907348634,250.0,500.0,62.5,25.000001907348634,500.0,25.000001907348634,250.0,500.0,62.5,25.000001907348634,500.0,25.000001907348634,250.0,499.99993896484377,62.5,25.000001907348634,500.0,24.999998092651368,249.99998474121095,249.9999542236328,62.499996185302737,24.999998092651368,500.0001220703125,24.999998092651368,249.99998474121095,499.99993896484377,62.499996185302737,249.9999542236328,500.00006103515627,25.000001907348634,250.0,500.0,62.5,25.000001907348634,499.99993896484377,25.000001907348634,250.0,500.0,62.5,25.000001907348634,499.99993896484377,25.000001907348634,250.0,500.0,62.5,25.000001907348634,499.99993896484377,25.000001907348634,250.0,499.99993896484377,62.5,25.000001907348634,499.99993896484377,24.999998092651368,249.99998474121095,249.9999542236328,62.499996185302737,24.999998092651368,500.00006103515627,24.999996185302736,250.0,500.00006103515627,62.5,249.99998474121095,249.99998474121095,24.999998092651368,249.99998474121095,500.0001220703125,62.499996185302737,25.000001907348634,249.9999542236328,24.999998092651368,249.99998474121095,500.0001220703125,62.499996185302737,24.999998092651368,249.9999542236328,24.999998092651368,249.99998474121095,500.0001220703125,62.499996185302737,24.999998092651368,249.9999542236328,24.999998092651368,249.99998474121095,500.00006103515627,62.499996185302737,24.999998092651368,249.9999542236328,24.999996185302736,250.0,249.99998474121095,62.5,24.999996185302736,249.99998474121095],"triangles":[0,7,8,0,8,1,7,14,15,7,15,8,14,21,22,14,22,15,21,28,29,21,29,22,28,35,36,28,36,29,35,42,43,35,43,36,1,8,9,1,9,2,8,15,16,8,16,9,15,22,23,15,23,16,22,29,30,22,30,23,29,36,37,29,37,30,36,43,44,36,44,37,2,9,10,2,10,3,9,16,17,9,17,10,16,23,24,16,24,17,23,30,31,23,31,24,30,37,38,30,38,31,37,44,45,37,45,38,3,10,11,3,11,4,10,17,18,10,18,11,17,24,25,17,25,18,24,31,32,24,32,25,31,38,39,31,39,32,38,45,46,38,46,39,4,11,12,4,12,5,11,18,19,11,19,12,18,25,26,18,26,19,25,32,33,25,33,26,32,39,40,32,40,33,39,46,47,39,47,40,5,12,13,5,13,6,12,19,20,12,20,13,19,26,27,19,27,20,26,33,34,26,34,27,33,40,41,33,41,34,40,47,48,40,48,41],"damping":0.5,"optimizationSettings":"Ln"},{"vertPos":[{"x":-3.5,"y":0.0,"z":-3.5},{"x":-2.3333334922790529,"y":0.0,"z":-3.5},{"x":-1.1666667461395264,"y":0.0,"z":-3.5},{"x":0.0,"y":0.0,"z":-3.5},{"x":1.1666667461395264,"y":0.0,"z":-3.5},{"x":2.3333334922790529,"y":0.0,"z":-3.5},{"x":3.5,"y":0.0,"z":-3.5},{"x":-3.5,"y":0.0,"z":-2.3333334922790529},{"x":-2.3333334922790529,"y":0.0,"z":-2.3333334922790529},{"x":-1.1666667461395264,"y":0.0,"z":-2.3333334922790529},{"x":0.0,"y":0.0,"z":-2.3333334922790529},{"x":1.1666667461395264,"y":0.0,"z":-2.3333334922790529},{"x":2.3333334922790529,"y":0.0,"z":-2.3333334922790529},{"x":3.5,"y":0.0,"z":-2.3333334922790529},{"x":-3.5,"y":0.0,"z":-1.1666667461395264},{"x":-2.3333334922790529,"y":0.0,"z":-1.1666667461395264},{"x":-1.1666667461395264,"y":0.0,"z":-1.1666667461395264},{"x":0.0,"y":0.0,"z":-1.1666667461395264},{"x":1.1666667461395264,"y":0.0,"z":-1.1666667461395264},{"x":2.3333334922790529,"y":0.0,"z":-1.1666667461395264},{"x":3.5,"y":0.0,"z":-1.1666667461395264},{"x":-3.5,"y":0.0,"z":0.0},{"x":-2.3333334922790529,"y":0.0,"z":0.0},{"x":-1.1666667461395264,"y":0.0,"z":0.0},{"x":0.0,"y":0.0,"z":0.0},{"x":1.1666667461395264,"y":0.0,"z":0.0},{"x":2.3333334922790529,"y":0.0,"z":0.0},{"x":3.5,"y":0.0,"z":0.0},{"x":-3.5,"y":0.0,"z":1.1666667461395264},{"x":-2.3333334922790529,"y":0.0,"z":1.1666667461395264},{"x":-1.1666667461395264,"y":0.0,"z":1.1666667461395264},{"x":0.0,"y":0.0,"z":1.1666667461395264},{"x":1.1666667461395264,"y":0.0,"z":1.1666667461395264},{"x":2.3333334922790529,"y":0.0,"z":1.1666667461395264},{"x":3.5,"y":0.0,"z":1.1666667461395264},{"x":-3.5,"y":0.0,"z":2.3333334922790529},{"x":-2.3333334922790529,"y":0.0,"z":2.3333334922790529},{"x":-1.1666667461395264,"y":0.0,"z":2.3333334922790529},{"x":0.0,"y":0.0,"z":2.3333334922790529},{"x":1.1666667461395264,"y":0.0,"z":2.3333334922790529},{"x":2.3333334922790529,"y":0.0,"z":2.3333334922790529},{"x":3.5,"y":0.0,"z":2.3333334922790529},{"x":-3.5,"y":0.0,"z":3.5},{"x":-2.3333334922790529,"y":0.0,"z":3.5},{"x":-1.1666667461395264,"y":0.0,"z":3.5},{"x":0.0,"y":0.0,"z":3.5},{"x":1.1666667461395264,"y":0.0,"z":3.5},{"x":2.3333334922790529,"y":0.0,"z":3.5},{"x":3.5,"y":0.0,"z":3.5}],"vertIsFixed":[true,false,false,false,false,false,true,false,false,false,false,false,false,false,false,false,false,false,false,false,false,false,false,false,false,false,false,false,false,false,false,false,false,false,false,false,false,false,false,false,false,false,true,false,false,false,false,false,true],"vertMass":[0.45370355248451235,0.6805554628372192,0.680555522441864,0.680555522441864,0.680555522441864,0.6805554032325745,0.22685177624225617,0.6805554628372192,1.3611109256744385,1.3611111640930176,1.3611111640930176,1.3611111640930176,1.361111044883728,0.6805554032325745,0.680555522441864,1.3611111640930176,1.3611114025115967,1.3611114025115967,1.3611114025115967,1.3611111640930176,0.680555522441864,0.680555522441864,1.3611111640930176,1.3611114025115967,1.3611114025115967,1.3611114025115967,1.3611111640930176,0.680555522441864,0.680555522441864,1.3611111640930176,1.3611114025115967,1.3611114025115967,1.3611114025115967,1.3611111640930176,0.680555522441864,0.6805554032325745,1.361111044883728,1.3611111640930176,1.3611111640930176,1.3611111640930176,1.361111044883728,0.6805554628372192,0.22685177624225617,0.6805554032325745,0.680555522441864,0.680555522441864,0.680555522441864,0.6805554628372192,0.45370355248451235],"springs":[0,7,0,8,7,8,1,7,0,1,1,8,7,14,7,15,14,15,8,14,0,15,8,15,14,21,14,22,21,22,15,21,7,22,15,22,21,28,21,29,28,29,22,28,14,29,22,29,28,35,28,36,35,36,29,35,21,36,29,36,35,42,35,43,42,43,36,42,28,43,36,43,0,9,1,9,8,9,2,8,1,2,2,9,7,16,8,16,15,16,9,15,1,16,9,16,14,23,15,23,22,23,16,22,8,23,16,23,21,30,22,30,29,30,23,29,15,30,23,30,28,37,29,37,36,37,30,36,22,37,30,37,35,44,36,44,43,44,37,43,29,44,37,44,1,10,2,10,9,10,3,9,2,3,3,10,8,17,9,17,16,17,10,16,2,17,10,17,15,24,16,24,23,24,17,23,9,24,17,24,22,31,23,31,30,31,24,30,16,31,24,31,29,38,30,38,37,38,31,37,23,38,31,38,36,45,37,45,44,45,38,44,30,45,38,45,2,11,3,11,10,11,4,10,3,4,4,11,9,18,10,18,17,18,11,17,3,18,11,18,16,25,17,25,24,25,18,24,10,25,18,25,23,32,24,32,31,32,25,31,17,32,25,32,30,39,31,39,38,39,32,38,24,39,32,39,37,46,38,46,45,46,39,45,31,46,39,46,3,12,4,12,11,12,5,11,4,5,5,12,10,19,11,19,18,19,12,18,4,19,12,19,17,26,18,26,25,26,19,25,11,26,19,26,24,33,25,33,32,33,26,32,18,33,26,33,31,40,32,40,39,40,33,39,25,40,33,40,38,47,39,47,46,47,40,46,32,47,40,47,4,13,5,13,12,13,6,12,5,6,6,13,11,20,12,20,19,20,13,19,5,20,13,20,18,27,19,27,26,27,20,26,12,27,20,27,25,34,26,34,33,34,27,33,19,34,27,34,32,41,33,41,40,41,34,40,26,41,34,41,39,48,40,48,47,48,41,47,33,48,41,48],"springStiffness":[249.99998474121095,250.0,500.00006103515627,62.5,249.99998474121095,500.00006103515627,249.9999542236328,249.99998474121095,500.0001220703125,62.499996185302737,25.000001907348634,499.99993896484377,249.9999542236328,249.99998474121095,500.0001220703125,62.499996185302737,24.999998092651368,499.99993896484377,249.9999542236328,249.99998474121095,500.0001220703125,62.499996185302737,24.999998092651368,499.99993896484377,249.9999542236328,249.99998474121095,500.00006103515627,62.499996185302737,24.999998092651368,499.99993896484377,249.99998474121095,250.0,249.99998474121095,62.5,24.999996185302736,500.00006103515627,25.000001907348634,249.99998474121095,499.99993896484377,62.499996185302737,249.9999542236328,500.0001220703125,25.000001907348634,250.0,500.0,62.5,25.000001907348634,500.0,25.000001907348634,250.0,500.0,62.5,25.000001907348634,500.0,25.000001907348634,250.0,500.0,62.5,25.000001907348634,500.0,25.000001907348634,250.0,499.99993896484377,62.5,25.000001907348634,500.0,25.000001907348634,249.99998474121095,249.9999542236328,62.499996185302737,24.999998092651368,500.0001220703125,24.999998092651368,249.99998474121095,499.99993896484377,62.499996185302737,249.9999542236328,500.0001220703125,25.000001907348634,250.0,500.0,62.5,25.000001907348634,500.0,25.000001907348634,250.0,500.0,62.5,25.000001907348634,500.0,25.000001907348634,250.0,500.0,62.5,25.000001907348634,500.0,25.000001907348634,250.0,499.99993896484377,62.5,25.000001907348634,500.0,24.999998092651368,249.99998474121095,249.9999542236328,62.499996185302737,24.999998092651368,500.0001220703125,24.999998092651368,249.99998474121095,499.99993896484377,62.499996185302737,249.9999542236328,500.0001220703125,25.000001907348634,250.0,500.0,62.5,25.000001907348634,500.0,25.000001907348634,250.0,500.0,62.5,25.000001907348634,500.0,25.000001907348634,250.0,500.0,62.5,25.000001907348634,500.0,25.000001907348634,250.0,499.99993896484377,62.5,25.000001907348634,500.0,24.999998092651368,249.99998474121095,249.9999542236328,62.499996185302737,24.999998092651368,500.0001220703125,24.999998092651368,249.99998474121095,499.99993896484377,62.499996185302737,249.9999542236328,500.00006103515627,25.000001907348634,250.0,500.0,62.5,25.000001907348634,499.99993896484377,25.000001907348634,250.0,500.0,62.5,25.000001907348634,499.99993896484377,25.000001907348634,250.0,500.0,62.5,25.000001907348634,499.99993896484377,25.000001907348634,250.0,499.99993896484377,62.5,25.000001907348634,499.99993896484377,24.999998092651368,249.99998474121095,249.9999542236328,62.499996185302737,24.999998092651368,500.00006103515627,24.999996185302736,250.0,500.00006103515627,62.5,249.99998474121095,249.99998474121095,24.999998092651368,249.99998474121095,500.0001220703125,62.499996185302737,25.000001907348634,249.9999542236328,24.999998092651368,249.99998474121095,500.0001220703125,62.499996185302737,24.999998092651368,249.9999542236328,24.999998092651368,249.99998474121095,500.0001220703125,62.499996185302737,24.999998092651368,249.9999542236328,24.999998092651368,249.99998474121095,500.00006103515627,62.499996185302737,24.999998092651368,249.9999542236328,24.999996185302736,250.0,249.99998474121095,62.5,24.999996185302736,249.99998474121095],"triangles":[0,7,8,0,8,1,7,14,15,7,15,8,14,21,22,14,22,15,21,28,29,21,29,22,28,35,36,28,36,29,35,42,43,35,43,36,1,8,9,1,9,2,8,15,16,8,16,9,15,22,23,15,23,16,22,29,30,22,30,23,29,36,37,29,37,30,36,43,44,36,44,37,2,9,10,2,10,3,9,16,17,9,17,10,16,23,24,16,24,17,23,30,31,23,31,24,30,37,38,30,38,31,37,44,45,37,45,38,3,10,11,3,11,4,10,17,18,10,18,11,17,24,25,17,25,18,24,31,32,24,32,25,31,38,39,31,39,32,38,45,46,38,46,39,4,11,12,4,12,5,11,18,19,11,19,12,18,25,26,18,26,19,25,32,33,25,33,26,32,39,40,32,40,33,39,46,47,39,47,40,5,12,13,5,13,6,12,19,20,12,20,13,19,26,27,19,27,20,26,33,34,26,34,27,33,40,41,33,41,34,40,47,48,40,48,41],"damping":0.5,"optimizationSettings":"nn"}]}