Forces: 0.006000 --> 1%
Jacobians: 0.711300 --> 99%
Total: 0.717300
Average: 0.358650
